0.000000000000000000e+00 4.841227014695861044e+02 1.715575370084585813e+02
1.000000000000000000e+00 4.367178587763748396e+02 2.168603013400901034e+02
2.000000000000000000e+00 2.888771470610007697e+01 3.037698942450462880e+01
3.000000000000000000e+00 8.728425950132583822e+00 2.741185142069390679e+00
4.000000000000000000e+00 2.577037536977755963e+02 1.385390578276423241e+02
5.000000000000000000e+00 4.334880165833521914e+02 1.598770101651041671e+02
6.000000000000000000e+00 3.070946496376388382e+02 1.177502046228465531e+02
7.000000000000000000e+00 7.351288728065152327e+02 1.994627970843393996e+02
8.000000000000000000e+00 1.486075049175402718e+01 2.971698541407514327e+00
9.000000000000000000e+00 1.347409946711782780e+01 6.704378429466053113e+00
1.000000000000000000e+01 4.286469462565451067e+02 1.841444234384883032e+02
1.100000000000000000e+01 4.046238074537920397e+02 1.322169362675257958e+02
1.200000000000000000e+01 1.156681963686241943e+01 4.651495074692574505e+00
1.300000000000000000e+01 5.503939826356446474e+01 4.775426983404100412e+01
1.400000000000000000e+01 1.728399312217245409e+01 6.226139885185277834e+00
1.500000000000000000e+01 1.782640877516574619e+03 1.248075668647543921e+02
1.600000000000000000e+01 2.649304248945914253e+01 2.802577207253140301e+01
1.700000000000000000e+01 5.277634834890505999e+02 2.046395916311018084e+02
1.800000000000000000e+01 5.895351625014631054e+02 3.282478175613627513e+02
1.900000000000000000e+01 3.715107302052372802e+02 1.689224036040247654e+02
2.000000000000000000e+01 2.038706560874410911e+01 2.985835107748150818e+01
2.100000000000000000e+01 4.672658779869275349e+02 2.077613129883007446e+02
2.200000000000000000e+01 1.777763269633212317e+01 2.389443444227845159e+00
2.300000000000000000e+01 8.026147755440957781e+02 2.272485476741553896e+02
2.400000000000000000e+01 5.784559587864472405e+02 2.232611415745174668e+02
2.500000000000000000e+01 1.336187297821663606e+03 2.217536986376189816e+02
2.600000000000000000e+01 8.699503178251430882e+02 1.748492346977430714e+02
2.700000000000000000e+01 1.145983408332051710e+02 1.158815799034944121e+02
2.800000000000000000e+01 7.557766210667464293e+02 2.074337738216003402e+02
2.900000000000000000e+01 1.683007867634546884e+01 1.689427670180698371e+01
3.000000000000000000e+01 1.457096592509250286e+03 1.616379420124271178e+02
3.100000000000000000e+01 8.240478010272169058e+02 3.422943505540563933e+02
3.200000000000000000e+01 2.696626006198714549e+02 1.579696284528643844e+02
3.300000000000000000e+01 7.022833061209538208e+00 2.955096107800384342e+00
3.400000000000000000e+01 4.915429726741048739e+02 1.376975311280889969e+02
3.500000000000000000e+01 1.284342403085648584e+03 2.154675393960973793e+02
3.600000000000000000e+01 3.492415130218194008e+01 7.437126233258695152e+00
3.700000000000000000e+01 1.116413273125528576e+03 2.528135195114933254e+02
3.800000000000000000e+01 2.291261259202509848e+02 1.386088989539100851e+02
3.900000000000000000e+01 2.471731271346139067e+02 1.491358510809529605e+02
4.000000000000000000e+01 7.052051612688007509e+00 1.977598055711379255e+00
4.100000000000000000e+01 3.108037018702708565e+02 1.201279575803539785e+02
4.200000000000000000e+01 1.743204138432925632e+01 6.872464341146841349e+00
4.300000000000000000e+01 8.009658936787355969e+02 2.014513951509640606e+02
4.400000000000000000e+01 1.782989543196958095e+02 1.466889553069927672e+02
4.500000000000000000e+01 7.025430813873996705e+00 2.064794383214734186e+00
4.600000000000000000e+01 5.254240793265886396e+02 2.215589104949193597e+02
4.700000000000000000e+01 5.758350760937611668e+00 2.370670890515237605e+00
4.800000000000000000e+01 1.572903497537341309e+03 1.288241625968356630e+02
4.900000000000000000e+01 1.197073797184686327e+03 1.832682219565009802e+02
5.000000000000000000e+01 5.250036002134180535e+02 2.039505361313863432e+02
5.100000000000000000e+01 1.066410465953339148e+01 4.192355982187109475e+00
5.200000000000000000e+01 8.323083832197802394e+02 2.280963919190312765e+02
5.300000000000000000e+01 6.531418427143376171e+00 2.352968905464996485e+00
5.400000000000000000e+01 2.576251442051031972e+02 1.254351457793668772e+02
5.500000000000000000e+01 4.588559656812312255e+02 1.627767940857013116e+02
5.600000000000000000e+01 5.632409192981399428e+02 2.163921685761377773e+02
5.700000000000000000e+01 2.832516228412571309e+02 1.367119443488414845e+02
5.800000000000000000e+01 1.542707329560737435e+02 1.467972707516458399e+02
5.900000000000000000e+01 5.288211099201821526e+02 2.386743120730212979e+02
6.000000000000000000e+01 9.185282539044994792e+02 2.370392053040180542e+02
6.100000000000000000e+01 1.542522635577813844e+03 1.761115983319973850e+02
6.200000000000000000e+01 1.362753035704849935e+01 5.215818623222413741e+00
6.300000000000000000e+01 1.853494742662400654e+02 1.686704305488769648e+02
6.400000000000000000e+01 1.299353537724163516e+03 2.152854072398694996e+02
6.500000000000000000e+01 5.347864750308340298e+00 1.671699664629002102e+00
6.600000000000000000e+01 4.098580036929915309e+02 1.638697836611755463e+02
6.700000000000000000e+01 1.176603922679727248e+03 2.472118677366269992e+02
6.800000000000000000e+01 4.570384977133990390e+00 4.327802328699145384e+00
6.900000000000000000e+01 1.057705265818096450e+03 2.436445339906822767e+02
7.000000000000000000e+01 9.188045016440005384e+02 1.429628988728671004e+02
7.100000000000000000e+01 2.865412498578617928e+01 1.228208868711295843e+01
7.200000000000000000e+01 1.222173796409845039e+02 6.603652803530781057e+01
7.300000000000000000e+01 2.020039069212579363e+01 1.649967552630959489e+01
7.400000000000000000e+01 3.625962268991766102e+00 1.351540843404997139e+00
7.500000000000000000e+01 1.088379984847853393e+03 2.427612492148199408e+02
7.600000000000000000e+01 4.975288729377671757e+02 1.993483521332781265e+02
7.700000000000000000e+01 1.684025075182185560e+01 1.507757929054674406e+01
7.800000000000000000e+01 5.610652770633398845e+00 1.962859892857825139e+00
7.900000000000000000e+01 2.640128368461129753e+02 1.147978471050255678e+02
8.000000000000000000e+01 1.840502569133455069e+01 3.830390234301023877e+00
8.100000000000000000e+01 9.916916202053380403e+01 7.902674677202378462e+01
8.200000000000000000e+01 9.050641675276635212e+00 3.044547314578029074e+00
8.300000000000000000e+01 5.192210815055053672e+02 2.182567474895268163e+02
8.400000000000000000e+01 1.222435380081764833e+03 2.336555232919814955e+02
8.500000000000000000e+01 3.876477078603443260e+01 4.745589117215492081e+01
8.600000000000000000e+01 6.427558743409773179e+00 2.286719886254704459e+00
8.700000000000000000e+01 2.824673511682755134e+02 1.925589087694978900e+02
8.800000000000000000e+01 7.317184361374445416e+02 1.778910265322606392e+02
8.900000000000000000e+01 8.691351281153675927e+02 2.088840691316599703e+02
9.000000000000000000e+01 1.692205210800298687e+01 7.579556353852451522e+00
9.100000000000000000e+01 1.554348068087152868e+01 9.445043065090729328e+00
9.200000000000000000e+01 7.957423692631689391e+02 1.598411644058937782e+02
9.300000000000000000e+01 9.551409622151317080e+02 1.599400047893660144e+02
9.400000000000000000e+01 8.126819488030868115e+02 1.963647928513598799e+02
9.500000000000000000e+01 5.626347111895114494e+02 2.478134639998681905e+02
9.600000000000000000e+01 8.979718617276247414e+02 2.245790335871097056e+02
9.700000000000000000e+01 3.892247183474822805e+02 1.478579975248678124e+02
9.800000000000000000e+01 1.730747239101080140e+03 1.423835768126407970e+02
9.900000000000000000e+01 4.953950420350238915e+02 2.401922044967927832e+02
1.000000000000000000e+02 1.459488737573544995e+03 1.564885514665713799e+02
1.010000000000000000e+02 1.065289809462395397e+03 1.901720535665417913e+02
1.020000000000000000e+02 1.691231652840120958e+01 6.368788416908295780e+00
1.030000000000000000e+02 5.548722387437642283e+02 1.806892140682371632e+02
1.040000000000000000e+02 1.097066590903135719e+01 3.693894412082666001e+00
1.050000000000000000e+02 1.426591099588926909e+03 1.426791582160688279e+02
1.060000000000000000e+02 4.555884915619704429e+02 1.230188193302540327e+02
1.070000000000000000e+02 5.611463354533832160e+00 1.402197088575314998e+00
1.080000000000000000e+02 8.642015871312684894e+00 4.417936211993558793e+00
1.090000000000000000e+02 3.808500280456480596e+02 1.544688222738609227e+02
1.100000000000000000e+02 1.416434955824225426e+03 1.629097604443636556e+02
1.110000000000000000e+02 1.424400279713809368e+03 1.753232626680766373e+02
1.120000000000000000e+02 8.383445906878858978e+02 2.282299804762330098e+02
1.130000000000000000e+02 3.743221487919014407e+02 1.480384742224261458e+02
1.140000000000000000e+02 7.522679385992203152e+02 2.218641618192353917e+02
1.150000000000000000e+02 1.831270567075442557e+01 9.614374095607477244e+00
1.160000000000000000e+02 1.012089880080718899e+03 1.967149654158255032e+02
1.170000000000000000e+02 1.339879006523985254e+03 2.195088935061635027e+02
1.180000000000000000e+02 1.021792309619770123e+01 5.001407069783422088e+00
1.190000000000000000e+02 1.007101028983718649e+01 1.352774330550787996e+00
1.200000000000000000e+02 3.369230259664388427e+01 3.343589614743188321e+01
1.210000000000000000e+02 1.268829510401815064e+01 1.031228559529978028e+01
1.220000000000000000e+02 2.962640775767002310e+02 1.200829763889526305e+02
1.230000000000000000e+02 8.871499870408011930e+02 1.552076277956961121e+02
1.240000000000000000e+02 1.441632304015655563e+02 1.349516336963729088e+02
1.250000000000000000e+02 9.859653963537078880e+02 2.402271266098494493e+02
1.260000000000000000e+02 1.579679035166847143e+03 1.535212490226300588e+02
1.270000000000000000e+02 2.072142052836061055e+02 1.290258416694367156e+02
1.280000000000000000e+02 4.627041990564059404e+00 9.642181232357956988e-01
1.290000000000000000e+02 1.440884388996610369e+03 1.991512109385878091e+02
1.300000000000000000e+02 3.637030486071538462e+02 1.341358992746516776e+02
1.310000000000000000e+02 1.372385188748892915e+03 1.606248038764897501e+02
1.320000000000000000e+02 2.426130549035933370e+02 1.253264491287051356e+02
1.330000000000000000e+02 1.122002079804103914e+03 2.208585606072712721e+02
1.340000000000000000e+02 4.816838977615079784e+02 1.504063551275694124e+02
1.350000000000000000e+02 3.218358420383135581e+02 1.409899749372570170e+02
1.360000000000000000e+02 2.679278486432119735e+02 1.272646219278863668e+02
1.370000000000000000e+02 1.190687887984266808e+03 2.739068716892145972e+02
1.380000000000000000e+02 1.618184241005017611e+03 1.383894612911532818e+02
1.390000000000000000e+02 1.437364871603917393e+01 4.479644716445807084e+00
1.400000000000000000e+02 3.894853436559671991e+02 1.301017040192585910e+02
1.410000000000000000e+02 1.255583989637265859e+03 1.466429637144855178e+02
1.420000000000000000e+02 1.611589262037120079e+03 1.649814355615046111e+02
1.430000000000000000e+02 2.218956458631485305e+02 1.031875921508348313e+02
1.440000000000000000e+02 4.920851888348427394e+01 1.388280121387347066e+01
1.450000000000000000e+02 1.273132918877940334e+01 3.308886464540789607e+00
1.460000000000000000e+02 1.156967976777740660e+03 1.791899436325784336e+02
1.470000000000000000e+02 1.458983679084448568e+03 1.568802766749448381e+02
1.480000000000000000e+02 1.332025134759483535e+03 1.815659584123251591e+02
1.490000000000000000e+02 1.087665378606700187e+03 2.474515118739947752e+02
1.500000000000000000e+02 6.770170163591342494e+00 2.731430050798515197e+00
1.510000000000000000e+02 1.031165971363346216e+03 2.115064236776436246e+02
1.520000000000000000e+02 1.628948035658652998e+03 1.623746179153039577e+02
1.530000000000000000e+02 4.664726703158634109e+02 1.798301937133861372e+02
1.540000000000000000e+02 1.416959298224580380e+03 2.202050938172078531e+02
1.550000000000000000e+02 1.206330493493637235e+01 4.917264858614564638e+00
1.560000000000000000e+02 1.442726820938663423e+03 2.013528935968215308e+02
1.570000000000000000e+02 1.375005962303822344e+03 2.064125098412266368e+02
1.580000000000000000e+02 1.648551367147068731e+03 1.258264245620103026e+02
1.590000000000000000e+02 1.132893072207227988e+03 2.038997269810166415e+02
1.600000000000000000e+02 4.315284317193632369e+00 1.163863846603865770e+00
1.610000000000000000e+02 3.721444929660096790e+01 1.363117572468500427e+01
1.620000000000000000e+02 4.089557920403110529e+02 1.598467092744162983e+02
1.630000000000000000e+02 2.952517049812050800e+02 8.582478541818495898e+01
1.640000000000000000e+02 1.067010414418497000e+01 2.010063535968628745e+00
1.650000000000000000e+02 9.750560787711131070e+02 1.954693632914462000e+02
1.660000000000000000e+02 2.182077034998912168e+01 6.921158273262703275e+00
1.670000000000000000e+02 2.191145579537918664e+01 5.526173672443738027e+00
1.680000000000000000e+02 9.739287318828920661e+02 2.555039682027542085e+02
1.690000000000000000e+02 3.298543185837109348e+01 7.218776658164520299e+00
1.700000000000000000e+02 1.078867107109720791e+03 1.668213699844432938e+02
1.710000000000000000e+02 3.085313333902794852e+02 1.357395542973438012e+02
1.720000000000000000e+02 1.355279461342572844e+01 4.815316816158935254e+00
1.730000000000000000e+02 4.937801238378283664e+00 1.683481702753478970e+00
1.740000000000000000e+02 5.311805846422616924e+02 2.418134939410936965e+02
1.750000000000000000e+02 1.115533102180831371e+01 2.313462629397573078e+00
1.760000000000000000e+02 1.023794994228549285e+03 1.993422990439667615e+02
1.770000000000000000e+02 3.757799175349384768e+02 1.635508306168974855e+02
1.780000000000000000e+02 1.247174235388106212e+01 2.912376605243858663e+00
1.790000000000000000e+02 7.491696778062465683e+02 1.751000742420821155e+02
1.800000000000000000e+02 1.500510980570911215e+03 1.908754010264124759e+02
1.810000000000000000e+02 1.102454457362508265e+03 1.754247000490805704e+02
1.820000000000000000e+02 5.037839123883080106e+02 1.652766943471096397e+02
1.830000000000000000e+02 7.793970733464219620e+02 2.828495306680937915e+02
1.840000000000000000e+02 9.357683576109415071e+02 1.505692698179198885e+02
1.850000000000000000e+02 5.275267383027210144e+02 1.864235110116129874e+02
1.860000000000000000e+02 1.266395213060937067e+03 1.946303758294850184e+02
1.870000000000000000e+02 8.088296655801551651e+02 2.405405016598295731e+02
1.880000000000000000e+02 7.595160232155718631e+02 2.231127717237189643e+02
1.890000000000000000e+02 2.362865314423131124e+01 6.087602832887307969e+00
1.900000000000000000e+02 1.561577483635923969e+01 4.346704226933288062e+00
1.910000000000000000e+02 3.076618588020095899e+02 1.424245040151633646e+02
1.920000000000000000e+02 1.151770371124072881e+03 2.187746308365771881e+02
1.930000000000000000e+02 8.050701268543857481e+00 3.296923792643118745e+00
1.940000000000000000e+02 1.074023266250134384e+03 2.905346158928867339e+02
1.950000000000000000e+02 5.443100340449073116e+01 6.053345812135604831e+01
1.960000000000000000e+02 7.031593556046070717e+02 2.130646112509375314e+02
1.970000000000000000e+02 1.121106134609479568e+03 2.461123163675990781e+02
1.980000000000000000e+02 5.022813167217845098e+00 2.628805270657143200e+00
1.990000000000000000e+02 8.168870105789320633e+02 1.495338293921949742e+02
2.000000000000000000e+02 1.401720874439570707e+03 1.606690643834209311e+02
2.010000000000000000e+02 1.093780360412408527e+03 2.161982143155426854e+02
2.020000000000000000e+02 7.554677412128497735e+02 2.418220078363568462e+02
2.030000000000000000e+02 6.437151418907058087e+02 1.983570815631079824e+02
2.040000000000000000e+02 1.403638101476783049e+03 1.665235165920947225e+02
2.050000000000000000e+02 8.188246081272601486e+02 2.266349965945634608e+02
2.060000000000000000e+02 5.194788012678048972e+01 3.810698733422007933e+01
2.070000000000000000e+02 9.603587203218376089e+02 1.531492302184576602e+02
2.080000000000000000e+02 1.049809107227893719e+03 2.573113415376378725e+02
2.090000000000000000e+02 1.206169769309333105e+03 2.313136298334945877e+02
2.100000000000000000e+02 8.542258877826985781e+02 2.248436943576185456e+02
2.110000000000000000e+02 2.832546401638799694e+02 1.688635538214459757e+02
2.120000000000000000e+02 2.712570117962273031e+01 9.235221077010875135e+00
2.130000000000000000e+02 2.446632908334655667e+02 1.232265467662694505e+02
2.140000000000000000e+02 9.795695395602166400e+02 2.339129206659281976e+02
2.150000000000000000e+02 1.124052987815519145e+03 1.682388379806911303e+02
2.160000000000000000e+02 2.965957215508577178e+02 1.268980825153941083e+02
2.170000000000000000e+02 5.343402986703407187e+00 1.485936408487412708e+00
2.180000000000000000e+02 8.300058267565868846e+02 1.933513697984386681e+02
2.190000000000000000e+02 2.138812120746576682e+02 1.394718372244554985e+02
2.200000000000000000e+02 9.453414722995860942e+00 3.135217745291096758e+00
2.210000000000000000e+02 2.589281606715685058e+01 3.742925286929281725e+00
2.220000000000000000e+02 8.618999785623216212e+02 2.032376712873643783e+02
2.230000000000000000e+02 4.661307650700686622e+02 2.386705044051303162e+02
2.240000000000000000e+02 1.346828929929198011e+03 1.786437939984780598e+02
2.250000000000000000e+02 7.674892483975080495e+02 2.184175397635596312e+02
2.260000000000000000e+02 1.468436826487705282e+01 5.379818104455226901e+00
2.270000000000000000e+02 5.584368807212042896e+01 6.696030508711221785e+01
2.280000000000000000e+02 4.085181868237483513e+02 1.586657058599910783e+02
2.290000000000000000e+02 6.951873217152639199e+02 3.021267340718330274e+02
2.300000000000000000e+02 5.074717582734768939e+02 1.785238566654954298e+02
2.310000000000000000e+02 3.029741713488405139e+02 2.818450560993443901e+02
2.320000000000000000e+02 1.220051800073677661e+01 1.366544060828142193e+01
2.330000000000000000e+02 1.736111793170521977e+01 1.714366985932516130e+01
2.340000000000000000e+02 6.607683542731107309e+02 2.445040973821966475e+02
2.350000000000000000e+02 1.279914494198162174e+03 2.186105396768697915e+02
2.360000000000000000e+02 7.868412640848767978e+02 1.958758284763937070e+02
2.370000000000000000e+02 4.596623115741929837e+02 1.790387676117714761e+02
2.380000000000000000e+02 1.312329458633612603e+03 1.977010126918852677e+02
2.390000000000000000e+02 1.217446343687799093e+01 4.106652339029291277e+00
2.400000000000000000e+02 1.327641177784994575e+01 4.635463727502517450e+00
2.410000000000000000e+02 4.265792782492568769e+00 3.134180442028348335e+00
2.420000000000000000e+02 2.500028208931335172e+01 3.893647465909089611e+00
2.430000000000000000e+02 4.254944391790476175e+02 1.607331291857414612e+02
2.440000000000000000e+02 4.035339349558167754e+01 4.031541672750740446e+01
2.450000000000000000e+02 1.301249821014767349e+03 2.290305976133120680e+02
2.460000000000000000e+02 4.373349701948352504e+02 1.720502688655699899e+02
2.470000000000000000e+02 2.193302297330574646e+01 2.675720165542563223e+01
2.480000000000000000e+02 6.448156899534425293e+02 2.141483293649898769e+02
2.490000000000000000e+02 2.199038039027588098e+01 2.744996360053571749e+01
2.500000000000000000e+02 5.162048980339644686e+02 2.282204349027229284e+02
2.510000000000000000e+02 1.210747163026460839e+03 1.953738485432323841e+02
2.520000000000000000e+02 5.187721358624872714e+00 1.690000760162900351e+00
2.530000000000000000e+02 2.560959580774519964e+02 1.211195865138542871e+02
2.540000000000000000e+02 6.803405554702912923e+02 1.941184113981362884e+02
2.550000000000000000e+02 1.237289751467944598e+03 1.584360437437621272e+02
2.560000000000000000e+02 7.782278685069240964e+02 2.509768392830560799e+02
2.570000000000000000e+02 2.089783298648148957e+01 9.064190557285852989e+00
2.580000000000000000e+02 8.179936324652304691e+00 2.677838846933991768e+00
2.590000000000000000e+02 1.342382067730660992e+03 1.700046813880632897e+02
2.600000000000000000e+02 5.254775415509420782e+02 1.940252550676217140e+02
2.610000000000000000e+02 2.569508025297841414e+02 1.147335909721199130e+02
2.620000000000000000e+02 2.205388541205412523e+01 6.887657322136612414e+00
2.630000000000000000e+02 1.569302182205037752e+03 1.177407512634429168e+02
2.640000000000000000e+02 3.535543294418409914e+02 1.946491237436264612e+02
2.650000000000000000e+02 8.984190071319573008e+02 2.409875094741443888e+02
2.660000000000000000e+02 8.646998375377831962e+02 2.341241775281786488e+02
2.670000000000000000e+02 1.048045517607970623e+03 1.945350599541967256e+02
2.680000000000000000e+02 1.126223984648555188e+03 1.951958311246097821e+02
2.690000000000000000e+02 1.253604387500750590e+03 2.164902707061111187e+02
2.700000000000000000e+02 1.317278711907871802e+01 3.369440497462190542e+00
2.710000000000000000e+02 4.299749286302777023e+02 1.956988255261275356e+02
2.720000000000000000e+02 1.493324998321718795e+03 1.427360251823030524e+02
2.730000000000000000e+02 1.172242667130014070e+03 3.033366110900769854e+02
2.740000000000000000e+02 9.381846323446967517e+02 2.276401305199485421e+02
2.750000000000000000e+02 1.070098676701801651e+03 2.407797480311717209e+02
2.760000000000000000e+02 2.254991009083076747e+01 6.878204209071462572e+00
2.770000000000000000e+02 6.143637201219197763e+00 1.441309081149767968e+00
2.780000000000000000e+02 6.574932253992217284e+02 2.063594852784351588e+02
2.790000000000000000e+02 1.083115991124402910e+01 3.394208352926276095e+00
2.800000000000000000e+02 1.724178503671657154e+03 1.464539386033120536e+02
2.810000000000000000e+02 1.443368154313254081e+03 1.857648438137385654e+02
2.820000000000000000e+02 5.404543612276225986e+02 1.193484755645274049e+02
2.830000000000000000e+02 1.210240349786243002e+02 1.082467781510113269e+02
2.840000000000000000e+02 8.821166284921001761e+02 2.519920914616478456e+02
2.850000000000000000e+02 8.785586656735317135e+00 1.795220616102552347e+00
2.860000000000000000e+02 3.996979137052582018e+02 2.197442726195814373e+02
2.870000000000000000e+02 9.764970398413217936e+02 2.966556132236664780e+02
2.880000000000000000e+02 7.406113810382141764e+02 1.998383772148248454e+02
2.890000000000000000e+02 1.063064021682520433e+03 1.877510081330513287e+02
2.900000000000000000e+02 1.082997680213468584e+03 2.317232716264915098e+02
2.910000000000000000e+02 1.962915440059335381e+01 5.890990611033042335e+00
2.920000000000000000e+02 2.347679952231964862e+01 1.152986543509874373e+01
2.930000000000000000e+02 2.981355828547302167e+02 1.179805332046907296e+02
2.940000000000000000e+02 1.360257405693375858e+03 1.758816832644899364e+02
2.950000000000000000e+02 1.389389201603245965e+03 1.645102008374475986e+02
2.960000000000000000e+02 9.557620285102930211e+02 2.243279866789427217e+02
2.970000000000000000e+02 1.307851121233983065e+02 1.421622217802221257e+02
2.980000000000000000e+02 4.042483564636053188e+02 1.946820857303008268e+02
2.990000000000000000e+02 1.286632311998908563e+03 2.067600621312888620e+02
3.000000000000000000e+02 1.533760877714711945e+01 1.977940581491140648e+01
3.010000000000000000e+02 8.539261103650568430e+02 2.238637633736601344e+02
3.020000000000000000e+02 1.277613718835699729e+03 1.785286768380617275e+02
3.030000000000000000e+02 1.293558121915898028e+03 1.947006356809255010e+02
3.040000000000000000e+02 1.848022744151144536e+01 7.533879621511048619e+00
3.050000000000000000e+02 1.197707431276638701e+01 3.747462743630121107e+00
3.060000000000000000e+02 9.645246865092539110e+02 2.094857604499449621e+02
3.070000000000000000e+02 7.539877538780499435e+02 2.226103215538662425e+02
3.080000000000000000e+02 2.875354497503394100e+02 1.235860558215800609e+02
3.090000000000000000e+02 1.279546123166673169e+03 1.846869744218978724e+02
3.100000000000000000e+02 1.188205573198393722e+03 1.513295053757049402e+02
3.110000000000000000e+02 9.567105842743140798e+00 4.544335355020592715e+00
3.120000000000000000e+02 9.010244588219735533e+02 3.547126464581485834e+02
3.130000000000000000e+02 1.519306098684176476e+01 5.294022036745502646e+00
3.140000000000000000e+02 3.028038007981596138e+02 1.374220621469808350e+02
3.150000000000000000e+02 4.743986693223673683e+02 1.546413285826381241e+02
3.160000000000000000e+02 9.866414979080726653e+02 2.309365262094909781e+02
3.170000000000000000e+02 7.919229798948997541e+02 2.126237930995004035e+02
3.180000000000000000e+02 1.057495518132463303e+03 1.619804791696690529e+02
3.190000000000000000e+02 1.209183967265512365e+03 1.914963854517887114e+02
3.200000000000000000e+02 2.922076079673401594e+01 7.053733769761773686e+00
3.210000000000000000e+02 8.005896711042047400e+02 1.766836187429592826e+02
3.220000000000000000e+02 9.873893993385682961e+02 2.400923863115881147e+02
3.230000000000000000e+02 2.173288176709175445e+01 8.724261808785847450e+00
3.240000000000000000e+02 1.598484348069343014e+03 1.678478500926649701e+02
3.250000000000000000e+02 7.211263456224948243e+00 2.012350637007852772e+00
3.260000000000000000e+02 1.695258070528864778e+02 1.026344670902061438e+02
3.270000000000000000e+02 1.255673625366096324e+01 2.823329995900469402e+00
3.280000000000000000e+02 1.230051164609472153e+03 1.818946132310529435e+02
3.290000000000000000e+02 4.992731946923284703e+00 3.060000759585213448e+00
3.300000000000000000e+02 5.405738922384059606e+02 2.445772557221224304e+02
3.310000000000000000e+02 9.562949053018253380e+02 1.674497284209230656e+02
3.320000000000000000e+02 5.951254393118593811e+01 9.481946636859402133e+01
3.330000000000000000e+02 4.718760129909166494e+02 2.063562445324080272e+02
3.340000000000000000e+02 3.283654858667537724e+01 1.227845661461740789e+01
3.350000000000000000e+02 3.587184978195129759e+01 1.673301959288137297e+01
3.360000000000000000e+02 1.274750125347471297e+01 1.104853265770257309e+01
3.370000000000000000e+02 5.610077057714423745e+02 2.272784905370702120e+02
3.380000000000000000e+02 5.224718719415100168e+02 1.721374474259458509e+02
3.390000000000000000e+02 4.835480842084650135e+02 2.174343860665341310e+02
3.400000000000000000e+02 6.657880255539814662e+00 2.104974480381944346e+00
3.410000000000000000e+02 8.884058125158055645e+02 2.626257688799477137e+02
3.420000000000000000e+02 9.539210574190685747e+02 1.853409061467239667e+02
3.430000000000000000e+02 1.388668097338165353e+03 1.944448961726363621e+02
3.440000000000000000e+02 9.915892441213601387e+02 2.091479962497282656e+02
3.450000000000000000e+02 3.915222065373231430e+02 1.648854130912751543e+02
3.460000000000000000e+02 1.849296797818327832e+03 9.630283612459389531e+01
3.470000000000000000e+02 2.112590021071890192e+02 1.398363941507882657e+02
3.480000000000000000e+02 1.221997791408104149e+03 2.241545261278636190e+02
3.490000000000000000e+02 8.035221917809701964e+00 1.858974510216189868e+00
3.500000000000000000e+02 7.082125057780727957e+02 2.011623712512273698e+02
3.510000000000000000e+02 3.109721377247030318e+02 1.052293911717044352e+02
3.520000000000000000e+02 1.387868423531358076e+03 1.928702238091436811e+02
3.530000000000000000e+02 3.738345452247200456e+02 1.959862575950985217e+02
3.540000000000000000e+02 4.759132192316036480e+02 2.483844717615238267e+02
3.550000000000000000e+02 6.755686987335664071e+02 1.881929558797981770e+02
3.560000000000000000e+02 3.033302483845274367e+01 4.276175500171115118e+01
3.570000000000000000e+02 9.111759065151666164e+02 2.111857656733686497e+02
3.580000000000000000e+02 8.073447819617446157e+02 1.948903985824293841e+02
3.590000000000000000e+02 1.773311921030932581e+03 1.294606157729299412e+02
3.600000000000000000e+02 7.981481320138200317e+02 2.207504064564496957e+02
3.610000000000000000e+02 1.114242782333705463e+03 1.851127415541741925e+02
3.620000000000000000e+02 2.262841977576402996e+02 1.082344872106850886e+02
3.630000000000000000e+02 2.091732625523842160e+01 2.153350972841988664e+01
3.640000000000000000e+02 1.140783794196467227e+01 6.054774811935286216e+00
3.650000000000000000e+02 3.102906116041543214e+02 1.612885132107373067e+02
3.660000000000000000e+02 1.343822530322452167e+03 2.402418387328392555e+02
3.670000000000000000e+02 4.951581381423467860e+02 2.083593512375746002e+02
3.680000000000000000e+02 1.376777325385749506e+01 2.221227531968859914e+00
3.690000000000000000e+02 2.584986803586435826e+02 1.238449214519345958e+02
3.700000000000000000e+02 1.024510856738484854e+01 2.604768554523948954e+00
3.710000000000000000e+02 6.718137955862458739e+02 1.926338840188791721e+02
3.720000000000000000e+02 7.609901815230808779e+02 1.957459406812521934e+02
3.730000000000000000e+02 1.388665740001565382e+03 1.494031763542970452e+02
3.740000000000000000e+02 5.339222801528922702e+00 1.227647427070733821e+00
3.750000000000000000e+02 1.624210376879096657e+03 1.535297912400837390e+02
3.760000000000000000e+02 1.189576306340594556e+03 2.266313064359133023e+02
3.770000000000000000e+02 1.105917639010345511e+03 1.484859934767162315e+02
3.780000000000000000e+02 4.178607715279275681e+02 2.421197065425305937e+02
3.790000000000000000e+02 1.074265154068322772e+03 2.162349835357198344e+02
3.800000000000000000e+02 1.675177724545495266e+03 1.386516994307624202e+02
3.810000000000000000e+02 5.580151605953896876e+01 1.616140900776815670e+01
3.820000000000000000e+02 1.053477235544991345e+03 1.617517389301554829e+02
3.830000000000000000e+02 1.790764680639456685e+01 3.144279003020576724e+00
3.840000000000000000e+02 3.564324230144674743e+02 1.495733896016215283e+02
3.850000000000000000e+02 2.333170764200395908e+01 3.093150691950996745e+01
3.860000000000000000e+02 4.239253307073883548e+02 1.408874084034817429e+02
3.870000000000000000e+02 8.584889389597900617e+02 3.071447408552319303e+02
3.880000000000000000e+02 9.458060771626248808e+00 3.158442086350888189e+00
3.890000000000000000e+02 2.795254000841186439e+02 1.440353110367885563e+02
3.900000000000000000e+02 4.736949583814768516e+01 4.946945191238473427e+01
3.910000000000000000e+02 1.118347822744412497e+03 2.357810982343050910e+02
3.920000000000000000e+02 1.062190134387858365e+01 5.741865768002524462e+00
3.930000000000000000e+02 3.006272156231776762e+02 9.314518999230074314e+01
3.940000000000000000e+02 8.836921219281316908e+00 4.993132046795476064e+00
3.950000000000000000e+02 1.277319104109174987e+03 1.944083918369079527e+02
3.960000000000000000e+02 1.415851760691918116e+03 1.618996897515827698e+02
3.970000000000000000e+02 1.241830825792563253e+01 1.997940288019246946e+00
3.980000000000000000e+02 7.934627283863621869e+02 3.111888493534272584e+02
3.990000000000000000e+02 5.323257745820614062e+00 2.202153854261259092e+00
4.000000000000000000e+02 1.478246249001975002e+03 1.391564116214709088e+02
4.010000000000000000e+02 8.901278270929460632e+02 2.571167611714705572e+02
4.020000000000000000e+02 4.334850777532230950e+02 1.948893491579527222e+02
4.030000000000000000e+02 5.325107291956148856e+02 1.907699354028105461e+02
4.040000000000000000e+02 1.097244335821181494e+03 1.956597043238703009e+02
4.050000000000000000e+02 1.319157833368818956e+03 1.876027563454635754e+02
4.060000000000000000e+02 8.715625691846682912e+02 2.386199422473258380e+02
4.070000000000000000e+02 1.086093748527068328e+03 2.967944742449238333e+02
4.080000000000000000e+02 1.003617725802525129e+01 2.342440484060771766e+00
4.090000000000000000e+02 2.464796703944130130e+01 1.270219697256720792e+01
4.100000000000000000e+02 1.435187674701395508e+03 1.657188981541387420e+02
4.110000000000000000e+02 7.480033953336900368e+02 2.622173071227359173e+02
4.120000000000000000e+02 9.677660600415139314e+00 2.647135641040453624e+00
4.130000000000000000e+02 1.960354178500163016e+02 1.522677528468736625e+02
4.140000000000000000e+02 9.975576283529902639e+02 1.683157599178914836e+02
4.150000000000000000e+02 6.394203747565926221e+01 6.393925625457722361e+01
4.160000000000000000e+02 3.653797221508128814e+02 1.538106555160895255e+02
4.170000000000000000e+02 1.193040964316649024e+03 1.929427363338720056e+02
4.180000000000000000e+02 1.126423736246199496e+03 1.516557172921104382e+02
4.190000000000000000e+02 4.017564257775376859e+02 1.370185984791328906e+02
4.200000000000000000e+02 1.338956657983195328e+03 1.997443746831892497e+02
4.210000000000000000e+02 3.867910194139064117e+01 1.937802866524031487e+01
4.220000000000000000e+02 4.042924919537788355e+02 1.864380182416643947e+02
4.230000000000000000e+02 5.414055122546484426e+02 2.042304858142735213e+02
4.240000000000000000e+02 2.212121142771739244e+02 1.339139237131963966e+02
4.250000000000000000e+02 7.993511969893021387e+02 2.461983965358012938e+02
4.260000000000000000e+02 2.253236630248179040e+01 7.692842194962832281e+00
4.270000000000000000e+02 8.086686228192820636e+02 2.524224831970706191e+02
4.280000000000000000e+02 5.632871698736339567e+02 2.275200069591654426e+02
4.290000000000000000e+02 8.028568336512555561e+02 1.879719617501996538e+02
4.300000000000000000e+02 6.312026510918650501e+02 1.843277454965587765e+02
4.310000000000000000e+02 1.060268843881697421e+03 2.404403025729809258e+02
4.320000000000000000e+02 6.839190009634573926e+02 2.180859544462858821e+02
4.330000000000000000e+02 1.030115733691363715e+02 1.098577168594142677e+02
4.340000000000000000e+02 9.687989282576421601e+02 2.705714774649840137e+02
4.350000000000000000e+02 3.458461791543834920e+02 1.372312976723979148e+02
4.360000000000000000e+02 4.524627007559684699e+01 3.063780832236657758e+01
4.370000000000000000e+02 1.022506765168459424e+03 1.951873682628088034e+02
4.380000000000000000e+02 8.948810884234900414e+02 2.196431738535043223e+02
4.390000000000000000e+02 8.535767999069853431e+02 2.044310671736354834e+02
4.400000000000000000e+02 1.044161759823854936e+03 2.062560566935972020e+02
4.410000000000000000e+02 8.175294040481140883e+02 2.430265121715393377e+02
4.420000000000000000e+02 5.751075442110654912e+00 2.885201308147861354e+00
4.430000000000000000e+02 3.091220060543574846e+02 1.338599015648700572e+02
4.440000000000000000e+02 7.157605013092474877e+00 2.106293150974155370e+00
4.450000000000000000e+02 1.169219174240959319e+03 1.986486395079337512e+02
4.460000000000000000e+02 8.834185146744040651e+00 5.695812109775802767e+00
4.470000000000000000e+02 7.591578180849103319e+01 1.020514218343207204e+02
4.480000000000000000e+02 1.534852827797774125e+03 1.719462808509556737e+02
4.490000000000000000e+02 1.563669830635352355e+03 1.941089425347449833e+02
4.500000000000000000e+02 7.815740105911632263e+00 7.873190060194550810e+00
4.510000000000000000e+02 1.370596574836919899e+03 1.784345984828582914e+02
4.520000000000000000e+02 5.737678009881213903e+00 2.963255706829411196e+00
4.530000000000000000e+02 3.346332756666259201e+01 3.275024724833936318e+01
4.540000000000000000e+02 1.201424229031541699e+03 3.511177105947026575e+02
4.550000000000000000e+02 1.549459089535682779e+03 1.638986269715485946e+02
4.560000000000000000e+02 6.118712289191024638e+02 1.958924744328978989e+02
4.570000000000000000e+02 4.390991918810448169e+02 1.622252580350567825e+02
4.580000000000000000e+02 6.064793964750833766e+02 2.424218582940012539e+02
4.590000000000000000e+02 1.249618759461643322e+03 2.648510504709672659e+02
4.600000000000000000e+02 3.840749594644588569e+02 1.948851788477083176e+02
4.610000000000000000e+02 5.433143277623756831e+02 2.052877113061935574e+02
4.620000000000000000e+02 1.409167947171209562e+03 1.732725279818693025e+02
4.630000000000000000e+02 4.489032363807504566e+02 1.462452609535360182e+02
4.640000000000000000e+02 1.625888984010236413e+02 9.058823409528687876e+01
4.650000000000000000e+02 8.181149412850322733e+01 9.854621683862053771e+01
4.660000000000000000e+02 3.546299296679882787e+02 1.290912980782818238e+02
4.670000000000000000e+02 1.025819619868839254e+03 1.923795116178379487e+02
4.680000000000000000e+02 1.449495108662233406e+03 1.982830890913782866e+02
4.690000000000000000e+02 8.294051413309711052e+02 2.039809618486525267e+02
4.700000000000000000e+02 8.055235447477435855e+02 2.156446297018533471e+02
4.710000000000000000e+02 1.264750190794348555e+03 1.619451511574735321e+02
4.720000000000000000e+02 1.091484820175807045e+03 2.231715677534242559e+02
4.730000000000000000e+02 1.568155193929826964e+03 1.623854841496277288e+02
4.740000000000000000e+02 1.508157530276090483e+03 1.398721529904139231e+02
4.750000000000000000e+02 6.331061114056861925e+02 1.524555779383431684e+02
4.760000000000000000e+02 2.806718189324643618e+02 1.715139126214004079e+02
4.770000000000000000e+02 1.233166154317097174e+01 3.814824563661391554e+00
4.780000000000000000e+02 4.502906907149063045e+02 1.643732192738491165e+02
4.790000000000000000e+02 5.098917686402647576e+01 4.468617874473478935e+01
4.800000000000000000e+02 1.050234834828707108e+03 2.113070207331884092e+02
4.810000000000000000e+02 8.719733722354104657e+02 1.780768166977930207e+02
4.820000000000000000e+02 1.147252824335596642e+03 2.040504604742574486e+02
4.830000000000000000e+02 8.552356449072005944e+02 2.507448672625680786e+02
4.840000000000000000e+02 9.621948132172541364e+02 1.696657129833295699e+02
4.850000000000000000e+02 6.532458774304831017e+00 1.909348064290481206e+00
4.860000000000000000e+02 1.669253901862214889e+03 1.157608723484315902e+02
4.870000000000000000e+02 1.953000309874349227e+02 8.420409174057846258e+01
4.880000000000000000e+02 1.167277963058015075e+03 1.785579172773879861e+02
4.890000000000000000e+02 4.805036778740110321e+02 1.666830333016361010e+02
4.900000000000000000e+02 2.781397627536574291e+01 1.676773992737186703e+01
4.910000000000000000e+02 4.134920205393341917e+02 1.375135317714771759e+02
4.920000000000000000e+02 3.270334988292211733e+02 1.395521855770336401e+02
4.930000000000000000e+02 2.856666328987950578e+02 1.854316851506630428e+02
4.940000000000000000e+02 2.682121551885032886e+02 1.244989183150607204e+02
4.950000000000000000e+02 1.191634195204184834e+03 2.290473124527794369e+02
4.960000000000000000e+02 4.607506997473197998e+02 1.181558335536544035e+02
4.970000000000000000e+02 9.987405246467006918e+02 1.624428804872257217e+02
4.980000000000000000e+02 7.035018967923013733e+00 1.607209750745955956e+00
4.990000000000000000e+02 1.907288587501419741e+01 8.865493729186242788e+00
