6.335949673798933901e+01
6.223091518718429427e+01
3.730067101288674536e+01
2.363984593847252924e+01
5.524405195333682173e+01
5.983691286298849121e+01
5.640695363456249112e+01
9.069840223992338224e+01
2.010262988097458248e+01
4.526125419359680535e+01
5.990241626709838130e+01
5.898887013349530406e+01
3.735550169354775107e+01
3.926470326320867343e+01
4.450585963254297184e+01
1.502082459762916642e+02
4.109279366999298588e+01
6.235674718642177794e+01
7.648757800009772723e+01
5.831220053018597582e+01
2.731040613800448824e+01
7.274383108404708764e+01
2.885078818878630358e+01
8.561838698659755664e+01
6.834566096145523773e+01
1.101074394091110520e+02
8.455561282164237014e+01
4.194420954513532962e+01
8.471156574338630207e+01
4.287127670433061866e+01
1.169134116255912801e+02
8.396285347317943604e+01
4.908154592700366692e+01
3.562171515328780913e+01
5.934004406357309591e+01
1.189988510038069762e+02
4.811923867713294101e+01
1.021744848059913124e+02
4.664011491151946842e+01
5.213353948726054909e+01
4.461684364643758016e+01
5.985633874705935398e+01
3.579430204488550515e+01
7.665275107594891324e+01
4.051925394984169770e+01
3.507706336557166082e+01
6.790828003044269678e+01
4.145707582119337076e+01
1.269296241449680736e+02
9.317507819572148264e+01
7.006748547290825968e+01
4.799495854919174320e+01
7.374037003505299026e+01
2.573000583783872841e+01
4.920474722894059738e+01
6.450999102903082871e+01
6.941347999172049299e+01
5.592079529726765230e+01
4.227957894877395972e+01
7.853087955157599254e+01
9.094213241315131313e+01
1.368088820058140413e+02
4.313750983906238901e+01
5.269179416092755019e+01
1.154377206682515293e+02
3.231768896254843071e+01
5.756210715895711871e+01
1.079989553355407992e+02
1.877527118751352475e+01
9.732322096532696776e+01
9.332293005432869393e+01
3.559128181966346460e+01
4.185218961247772995e+01
4.853133505550758287e+01
4.014545817771715974e+01
9.209202348727275478e+01
6.670920672407197571e+01
3.895899635056319710e+01
3.686041921155540990e+01
4.715859905889139014e+01
4.001318078513740062e+01
4.038564077874573854e+01
3.600885003322604661e+01
6.699212217806039860e+01
1.048504290923771833e+02
4.954601862326596518e+01
2.453979804947327281e+01
5.505481031816613324e+01
7.751663887334305514e+01
8.124105307051861757e+01
4.136858972957243452e+01
3.481907581689528541e+01
7.902111993845618088e+01
8.114094886672808116e+01
8.452538204174699388e+01
6.810209169265029061e+01
8.105796106805232171e+01
5.856849559802987670e+01
1.470937614428077040e+02
7.142844832204310990e+01
1.204538293862849230e+02
8.968038440280398049e+01
4.501587966221610770e+01
7.400775204880656588e+01
3.438006766147329785e+01
1.243106276163876345e+02
6.541609414447069071e+01
3.925255857401439386e+01
3.360214684228223092e+01
6.611592693250815955e+01
1.226702877423399087e+02
1.133869033247521685e+02
8.819038947544638063e+01
5.524815404287096499e+01
8.052337523243359385e+01
3.472369010580973026e+01
9.888448675349505379e+01
1.135487913621293501e+02
4.172924263350734009e+01
4.800311156092340781e+01
3.453047360647761366e+01
3.044080930536879848e+01
4.911929146869972129e+01
8.736211173906337990e+01
5.333191831902085767e+01
8.792656757797837486e+01
1.312648110374539669e+02
6.090760068203074695e+01
1.801935361147229031e+01
1.153586579811897792e+02
4.860352017361680765e+01
1.150415480140854783e+02
4.306212067555919987e+01
1.031627996762074986e+02
7.112183433426910995e+01
5.371100305643841466e+01
5.929314087978509917e+01
1.074415676246366615e+02
1.392663029499192646e+02
4.809017509344786845e+01
6.055262763299016626e+01
1.073187379298132953e+02
1.392711370826272059e+02
4.341067179854418612e+01
3.988707308894437631e+01
3.559415623466234990e+01
1.084213772841863204e+02
1.190791977246142466e+02
1.125419358619962225e+02
1.048047935102540578e+02
2.457986174307107419e+01
9.851509498715419966e+01
1.388499699015129352e+02
6.389046467937374985e+01
1.225146325864827475e+02
4.828055120160656344e+01
1.172088368283392583e+02
1.220518087739478119e+02
1.443937382326841998e+02
1.051086185370244834e+02
2.103652509080048461e+01
4.497741382301987301e+01
6.007016355440542554e+01
5.083730808964451597e+01
4.466935927574685650e+01
9.634630602882288031e+01
4.943367683294068371e+01
3.285964256203379819e+01
9.942161617757409431e+01
3.709637578676402825e+01
1.024460947170564395e+02
5.043021748605653443e+01
4.711876675755632959e+01
3.259815038486645022e+01
6.990640535487207785e+01
2.521001254283619986e+01
9.519325142448172983e+01
5.401035040075078797e+01
3.361685260414598986e+01
7.823169033842316367e+01
1.320913763699417700e+02
1.028820720057579194e+02
5.871182408571667111e+01
8.413723464542593433e+01
7.821830842471939604e+01
6.501352888530524865e+01
1.095161487661349184e+02
7.615382359896491948e+01
7.843474350760791935e+01
4.340171930271148426e+01
4.326540118824647863e+01
5.389353021184907533e+01
9.446475879907580975e+01
3.001244316520174138e+01
8.989018078780867427e+01
3.687947318235593031e+01
7.386363360710009829e+01
1.019575142758044706e+02
3.255760568161510804e+01
7.983704477221387208e+01
1.092239969018731642e+02
1.004846367509897362e+02
8.466093986164602825e+01
7.358299626915649583e+01
1.117919751880635886e+02
8.502913808264293039e+01
4.321162381110387685e+01
9.480000331906821032e+01
9.761481620332497755e+01
1.117266617837519789e+02
8.527885329920444235e+01
4.761410599005942856e+01
4.488163165785604747e+01
4.906389561151586776e+01
9.542791872128867681e+01
1.100482430352960819e+02
5.186066303195870120e+01
2.681513616515557885e+01
9.008325069712878985e+01
5.374289589984185511e+01
4.148883755101662985e+01
3.115843542723248305e+01
7.944831170242542839e+01
7.139530611418760486e+01
1.123424875815988457e+02
7.565955455641763194e+01
4.868599252801578103e+01
3.779974238715738011e+01
5.706355791892271156e+01
8.142715695588096025e+01
5.829698231647722650e+01
5.633266817564562245e+01
3.333134825098487397e+01
3.286378712497252508e+01
6.845509804330424686e+01
1.068525320668474592e+02
7.860177849447612175e+01
6.954680866531286654e+01
1.092660204415513334e+02
1.862882828355164122e+01
4.339155611819200686e+01
1.479602842894605885e+01
3.398759541505280168e+01
6.240396616311122102e+01
4.522406755963970681e+01
1.144075609281302377e+02
6.183438769319672446e+01
2.662517255685464690e+01
6.841094100642030185e+01
3.103170849951148469e+01
6.880671861732280092e+01
1.151464933667413248e+02
2.517810700421696168e+01
5.546073425372975407e+01
8.110169882233941507e+01
1.000720703053786025e+02
9.227155432475473162e+01
4.857915466047461450e+01
3.887395240741947333e+01
1.127671387406478658e+02
7.028753719328290117e+01
5.055520428685373702e+01
3.179942422038490335e+01
1.285165705411234569e+02
7.038149643550974588e+01
8.289704629920599643e+01
8.114854351237391938e+01
9.721571864437869692e+01
1.000761041455261591e+02
1.071475231095462988e+02
3.994088832942388478e+01
5.131892435380104445e+01
1.152356955045643332e+02
1.003609489266276995e+02
9.978632239132443260e+01
1.021107144399767179e+02
4.654841448100980017e+01
2.550582037089519005e+01
7.169633980371139614e+01
3.200697106277295489e+01
1.478245670764530360e+02
1.181519932118388567e+02
6.670684669235750164e+01
4.620799238877989268e+01
8.893748765478483165e+01
3.171514376409990632e+01
6.233006434899219528e+01
8.628244957140712756e+01
8.238310753737259517e+01
9.448559054122699763e+01
9.680066671630254405e+01
3.322206165321361482e+01
2.757063517090468707e+01
5.277255948185008094e+01
1.109773433199946311e+02
1.133649873176394181e+02
8.587713029944943344e+01
4.377903248863136554e+01
5.787174604512944143e+01
1.111981514999674374e+02
3.106369311838030711e+01
8.484584079332086048e+01
1.004032820572143407e+02
1.076448637538113786e+02
4.026950809695956934e+01
3.525463330990689315e+01
9.428791157879105356e+01
7.769783652307407351e+01
5.292129633168443803e+01
1.093695446111120333e+02
1.086674183415257886e+02
2.307547392822377930e+01
9.241965392430185489e+01
3.644907845716572581e+01
5.378793115419517079e+01
5.826996360573004807e+01
9.366537403462361056e+01
8.193396991892900871e+01
1.052565471282397027e+02
1.111165846449664798e+02
3.940498496849085086e+01
8.194892749615119953e+01
9.130228562956830274e+01
4.033020405250738349e+01
1.381543825941458010e+02
4.704822830387482213e+01
3.787684082800488028e+01
2.691802252021270547e+01
1.155778181682088928e+02
2.239414013045229623e+01
6.975498767249140997e+01
9.226189314000210118e+01
3.579472301033723625e+01
6.291824393202446686e+01
3.503801859660623563e+01
3.955465330438535432e+01
3.231270966021375557e+01
7.354136145282677717e+01
6.562103745016329981e+01
6.539229816623931413e+01
3.602834258640267251e+01
9.865013177820193846e+01
8.868111168388125520e+01
1.186656688458044044e+02
8.347866972843294775e+01
6.079669280311941293e+01
1.662655369968549905e+02
4.897119103501322002e+01
1.167986589324098645e+02
4.135476484296816579e+01
7.665415485418103003e+01
4.810981611173107098e+01
1.076182208324286620e+02
6.299725648657179988e+01
6.121650424447102523e+01
7.817002662090932574e+01
3.958840523621769592e+01
8.911949528813060795e+01
7.862651695689167752e+01
1.562623423747322988e+02
7.816067010461151199e+01
9.853593398067400244e+01
4.916808996074950500e+01
4.685972137847607399e+01
3.712153561799178192e+01
5.746654033457248545e+01
1.120093334856493072e+02
7.071237807590389934e+01
3.710734079984193556e+01
5.652285330955099596e+01
4.364128137764756588e+01
7.494840396181982101e+01
8.359321977426724004e+01
1.111846317520889897e+02
1.781073678061920873e+01
1.383631647171492318e+02
1.012548557401132712e+02
9.995640498379030703e+01
5.636574218241261036e+01
9.273549329939314134e+01
1.478310277630896508e+02
5.304702522297728251e+01
1.046279565769354036e+02
3.976743069900230410e+01
5.346237241686926467e+01
3.180400003501772233e+01
5.996101777829338886e+01
8.418649761463666437e+01
2.896680022300128599e+01
5.727212208026784879e+01
4.377858006325144657e+01
9.983802309045145762e+01
3.421394156024346245e+01
5.092914568034507283e+01
4.303687567892416155e+01
1.168462681531280793e+02
1.173060171371324003e+02
2.240721874989269224e+01
8.265878406522331545e+01
3.793649211789095688e+01
1.338152815812614449e+02
8.084312926924887677e+01
6.315729678570112071e+01
6.984277889162802921e+01
9.654826353355142032e+01
1.106929617514808086e+02
8.664929501471409878e+01
9.551979087148522751e+01
2.667504308228492960e+01
3.714606290973495817e+01
1.075498650373040448e+02
7.755199185717857802e+01
4.420596411883873600e+01
4.871148004092087547e+01
9.617048555260366527e+01
3.170308978141643763e+01
5.425161964857048247e+01
1.060222942985678571e+02
1.001978372267419388e+02
6.756252137230082155e+01
1.225123472948602341e+02
4.932731026317257061e+01
6.935254144516028418e+01
7.040996259884562392e+01
5.721571951522586374e+01
8.464810812558808095e+01
4.753659267040899294e+01
7.821110844941658513e+01
7.228048844522587046e+01
8.571005419431045880e+01
7.603505080758273493e+01
9.642885094255977663e+01
7.459427973806495515e+01
3.751722802009810920e+01
9.343255334743818707e+01
6.573145912664045909e+01
4.229837212462576446e+01
9.378315769360986565e+01
8.612962331960463302e+01
8.829434127813743771e+01
9.549566077156450206e+01
8.818925316750505772e+01
4.497220983839736164e+01
4.931898900063614377e+01
3.758268570305861545e+01
9.792718254882868223e+01
4.017301071439915461e+01
4.313970981228905544e+01
1.312530071283321718e+02
1.327526835628379445e+02
2.663270895849651865e+01
1.248287245833928409e+02
3.198496964182031022e+01
3.389541483175923275e+01
1.062610560004865334e+02
1.292028441597319954e+02
6.939412684973170542e+01
6.441497583755518974e+01
7.473267160682048882e+01
1.154081844328084259e+02
5.849642887607406294e+01
6.279249204042375254e+01
1.091343312616631493e+02
6.299318449320318791e+01
4.816507424287211592e+01
3.730305395698343318e+01
5.132970365037759564e+01
9.913454063593756871e+01
1.282017465176503492e+02
7.311448604395631889e+01
8.095955766173203472e+01
1.217114021678693234e+02
9.570824290769658660e+01
1.315066268645622074e+02
1.213195643431700432e+02
7.693759556861594717e+01
5.125418461395431535e+01
3.993578983233319946e+01
6.089215122216174336e+01
2.822615299537376643e+01
1.025784165608083356e+02
8.420659104188260358e+01
1.019410905280479795e+02
7.260997996663159881e+01
8.149517492758015180e+01
3.285430705900013493e+01
1.453942251783379334e+02
5.373697458381957404e+01
1.130330835937343181e+02
6.103985060543263330e+01
4.346602369326112836e+01
5.599880600776848638e+01
5.270251502286507161e+01
6.545094055339968975e+01
4.829103642524021467e+01
1.054778924974340697e+02
6.397107782808238596e+01
9.379777387637754771e+01
3.430234847527374598e+01
2.747561760444391155e+01
